5011.647
3113.664
2532.826
2970.233
2742.676
2868.141
2618.491
2362.693
2647.8
2804.002
3108.858
3151.366
3470.933
3182.095
2783.88
2783.107
2638.957
2659.742
2790.816
1843.517
1409.735
592.7798
474.7579
162.7629
233.7386
219.6751
23.43814
139.8743
49.87687
72.92691
34.06082
24.07476
77.78531
91.8447
47.15789
67.18888
12.58513
38.17979
67.78437
50.29528
12.26161
21.01044
26.59317
152.0289
161.1805
77.21976
202.2643
172.1682
91.74659
16.36248
78.48248
12.39654
175.4344
22.22797
253.4287
41.58907
182.6777
33.99979
50.87659
87.0478
15.58591
228.3086
32.79074
180.4147
211.2762
4860.041
3642.267
3534.209
2673.461
2596.132
2801.163
3190.823
2475.804
2585.036
2849.433
3020.869
2780.613
2766.534
2680.562
3052.259
2349.21
2509.688
2792.296
2546.321
2026.701
1820.836
1820.475
2047.69
1083.953
913.5352
462.6208
210.5759
62.89316
62.61388
68.69867
179.5612
31.16581
65.13072
437.84
37.4776
19.71508
23.33631
13.86124
4.229568
8.122432
98.86495
90.5333
27.07804
65.20371
31.72194
17.62392
62.35458
115.002
74.00578
118.3804
237.7592
79.55405
36.11779
110.1414
87.43025
111.2575
146.6239
68.45834
126.6695
193.1005
65.90488
36.91158
42.04792
93.23012
21.26884
130.6833
213.3163
3464.039
3261.327
3432.521
2525.288
3119.633
2826.596
3101.289
2655.396
3096.532
3213.831
2569.51
3413.834
3911.999
2704.248
3286.854
3117.86
2683.005
2484.567
1916.526
1558.997
990.212
392.1586
381.2495
87.97928
8.951205
92.43382
115.1604
54.45977
109.8408
132.9298
51.52598
48.59649
133.1002
98.35516
40.16513
47.71979
13.66529
28.26241
20.21285
301.868
73.50072
22.04387
19.07553
112.4294
78.55884
94.80676
12.11139
66.51188
7.305718
35.3399
120.4537
174.9309
51.91907
95.14902
3.893756
213.8981
227.6849
50.88256
81.51824
383.7866
152.3056
149.0703
81.71614
111.3821
21.48109
61.31298
71.41295
38.8912
4.916817
182.2827
4574.986
3825.018
3247.345
2981.877
3147.643
3414.858
3340.576
3132.996
3441.399
3744.822
3292.607
3050.465
2614.606
3530.037
3417.838
2724.435
3352.416
3579.469
3531.858
4200.965
2710.077
2942.999
2734.476
2360.64
1559.653
1545.972
687.5309
813.4042
226.4031
138.5284
230.4525
7.288811
429.2742
49.43871
133.3742
94.65385
95.19007
24.41973
30.18438
111.1137
0.4207356
167.4991
20.54019
29.63315
119.9704
71.95721
5.765726
126.645
126.3308
66.63495
139.7635
19.65951
7.468759
9.130336
125.9115
91.53099
16.77218
22.87962
27.64378
47.34262
182.4822
264.1656
11.19982
172.2945
267.7514
112.6143
70.87635
5059.999
4650.823
3411.032
3049.68
2772.706
2692.896
2678.935
3025.173
2620.531
2372.188
2662.352
3405.704
3306.891
2852.229
3489.435
3004.131
3505.603
2541.532
2772.729
1754.688
1248.488
1328.081
773.0571
470.8592
419.2564
95.82638
28.3422
202.437
85.4269
216.9811
78.51463
109.3937
75.3083
46.56144
30.07566
3.613443
24.87355
30.56958
13.24123
18.8779
76.52657
191.9603
20.19902
10.01522
10.67463
102.0996
282.1335
229.1016
87.71241
12.81563
34.9842
11.81856
17.49372
78.24919
127.4791
87.56654
115.0505
16.21558
53.81463
68.43463
338.0678
231.2597
209.2883
30.32965
130.0389
212.5306
33.02011
125.6709
145.9138
4009.32
3308.349
2563.724
2615.386
2401.295
2800.9
2697.208
2377.885
1863.871
2153.351
3086.902
3285.139
4167.268
3316.642
2984.625
2391.975
1746.879
1772.905
1346.742
1296.468
822.9688
575.8801
330.2022
167.6566
44.85579
34.66087
31.88078
60.53129
80.51556
41.0417
159.2293
22.06289
8.75628
73.14149
85.01862
158.7749
16.79917
113.1099
47.11118
19.93875
97.48334
43.90929
464.2359
60.51668
1.489095
110.7376
148.3086
58.8773
58.93884
36.43271
34.20902
1.500482
16.29113
36.8574
140.314
83.15305
69.00845
149.6541
215.4623
179.8374
142.1874
116.6712
59.9643
52.23582
78.65359
61.14053
58.06351
132.4153
142.8073
84.22431
99.59196
114.4887
3585.503
3808.948
3495.417
3278.866
3183.94
3660.473
2851.881
2838.228
2923.687
3510.865
3751.216
2950.615
2859.417
3389.738
3747.089
3500.777
2381.585
2902.153
2577.482
2216.255
1779.392
1410.81
1042.473
842.3681
288.841
68.41598
36.04092
121.1423
166.0497
191.8948
15.32284
225.4019
14.13672
14.39579
53.8512
140.5896
125.9516
5.63335
10.29074
8.345431
136.5795
49.71872
189.1874
81.29259
46.21879
84.05103
67.25105
23.84442
45.17151
27.74547
184.7587
98.63363
43.13057
20.84328
165.8075
187.1957
155.896
80.11743
86.47949
92.38046
159.1422
21.58488
16.0107
64.58678
132.2003
6.751909
10.72854
111.5389
3677.054
4160.026
3264.939
3548.546
2831.136
3023.494
2986.143
2921.448
3062.813
3138.012
3656.365
3540.907
3192.318
3365.706
3082.646
3374.856
3192.688
2891.222
2327.129
2026.982
1363.434
1243.602
222.3445
168.1254
80.28769
108.7076
168.3328
151.9613
73.28542
124.1482
123.7851
87.84857
76.36767
115.9867
170.7483
61.98746
18.50517
8.259171
41.7697
31.83246
35.10467
280.7107
53.32389
23.56359
14.39748
58.2841
84.81103
6.874004
10.22619
33.18965
36.2962
55.79712
59.14054
25.30424
47.16188
84.3256
65.43844
103.8787
187.5635
56.90321
66.04089
63.34864
60.87482
91.52375
16.97341
142.4891
415.4814
29.95606
182.1954
25.86032
4045.863
5110.81
2948.597
3642.414
3848.046
2974.343
2761.375
2883.766
2218.796
2049.703
2333.365
2252.315
2749.248
2959.72
2317.894
2517.105
2891.441
2543.351
3273.829
3519.984
2533.766
2395.73
1296.754
1133.672
894.2899
205.1748
238.283
2.235362
36.24124
15.03061
69.25774
27.56758
99.48721
243.0597
135.5971
78.61815
13.60519
21.44494
10.31027
3.440598
32.87497
21.27405
115.9281
166.5757
125.6451
53.74999
183.1125
20.72574
35.84345
75.14378
7.967618
95.27175
213.3106
80.36427
188.8959
54.25645
29.28878
186.9403
18.26088
96.43638
124.0038
131.4202
41.10885
101.4241
175.1637
147.025
129.7379
207.7577
195.2722
38.28841
11.59645
120.6643
5127.019
4359.741
3867.184
2883.058
2960.52
2810.809
2576.99
2666.193
2468.151
2045.474
3115.509
3002.235
3452.025
2806.832
2704.918
2754.044
2396.355
2100.939
2181.798
2309.306
2440.113
2094.833
1423.062
642.2901
279.5824
110.3529
128.896
45.79
84.99539
111.8878
76.71104
72.23206
24.28183
61.72038
32.8888
68.99754
188.6808
72.06665
54.9844
98.34317
1.447077
31.44585
2.546679
28.35533
21.70665
249.2888
190.6267
72.22881
27.45098
15.96455
283.6018
96.52486
276.5401
258.8928
30.58267
21.9949
87.69609
11.93342
87.3355
121.4658
166.5476
109.615
163.2335
123.9795
2.56785
76.56563
88.51282
71.74567
40.0095
351.7652
107.3924
121.1988
45.27213
4711.178
4115.073
2700.744
3137.866
2979.439
2982.167
2654.637
2911.591
2486.648
2343.344
2236.186
2731.937
3414.672
3290.294
3158.828
2940.014
4129.187
3447.999
3305.064
3391.272
1758.911
1322.141
1073.078
854.4104
21.41002
55.69387
0.8541629
123.2699
58.15763
3.962059
220.7558
334.214
58.4512
65.21453
141.5563
25.68147
83.58856
73.10115
35.96226
15.34062
88.75674
65.63267
0.9757152
12.165
70.74532
179.7031
18.57533
166.6286
46.66203
1.633963
64.25884
114.1901
215.5886
194.5396
148.3376
307.7591
10.07206
187.6873
199.7491
63.114
29.52629
144.2607
76.92237
7.534732
13.1925
4962.918
3380.219
2981.953
2587.883
2551.409
2810.63
2422.031
2205.701
2022.845
2620.155
2314.907
2648.754
3322.822
2992.584
3071.872
2811.217
3246.59
1597.736
1267.042
1242.018
1200.842
764.9192
508.8273
230.9581
46.37084
49.01388
12.08988
17.88252
28.92346
4.233123
63.61335
141.7118
6.496169
104.1545
69.55111
46.29641
13.72717
8.297997
80.76353
49.84377
16.82433
79.31165
228.1365
294.3014
105.1364
126.574
43.73374
77.03774
96.42591
12.44552
220.3468
226.2043
198.9398
55.60622
120.9488
307.7687
148.2674
129.4981
101.5161
162.0586
74.53803
72.1021
109.4153
119.855
142.1891
64.69244
53.30122
194.3728
99.09156
98.5519
4173.047
4267.186
5045.522
3525.714
3599.44
3167.486
3859.949
3069.661
3377.735
3672.363
3762.714
2597.337
3293.843
3151.2
3738.271
3581.193
3617.399
3517.451
3439.119
3321.605
3735.407
3623.169
3079.571
2538.089
2066.465
1598.454
1345.062
1161.321
734.9694
487.0722
330.6516
359.7157
9.996083
81.17688
76.97804
41.033
228.0799
59.80104
266.5276
114.8839
167.6299
39.162
33.41384
3.754445
126.271
67.19041
17.4742
63.6474
90.40558
26.6248
8.978756
55.51899
39.29618
60.67876
94.8173
82.73707
52.84556
54.07006
28.27547
130.0005
10.21377
8.491018
34.87366
38.86726
8.152099
25.01951
164.5372
112.3259
242.9388
125.1235
33.14933
92.20777
112.4786
45.15412
56.4894
106.7316
43.83389
4100.34
3677.074
2576.313
2247.544
2472.235
2420.317
2225.767
2530.429
2640.441
2320.453
2068.581
2854.641
3213.716
2665.331
2420.64
2530.376
2894.779
2158.019
1680.15
1052.477
667.8311
1278.149
884.2137
845.0756
415.3472
128.3108
114.8276
34.64169
114.7346
90.39865
116.6298
30.31804
15.82898
96.73062
12.33574
29.54675
40.41397
60.81772
40.47869
11.12615
75.90067
138.1599
61.56973
265.8537
119.0503
7.757995
48.88133
56.32014
71.14533
80.05267
1.468032
52.19157
113.849
115.9393
105.242
155.5519
129.2339
144.0403
132.6484
269.2946
166.5357
72.8868
284.5547
121.3296
101.6699
64.58488
4802.447
3076.349
2705.193
2869.988
2872.041
2944.008
2748.247
2041.63
2053.496
1824.232
2447.045
2744.342
2552.325
2526.064
2735.347
3050.773
2554.63
2343.016
3052.011
2971.636
2814.651
3703.375
2333.827
2154.614
1589.661
1400.537
1065.52
389.921
491.138
27.12753
14.28145
25.509
49.30088
77.88281
108.6711
156.0095
86.71708
94.96364
84.03985
39.18045
47.43066
9.329848
13.17873
7.097775
20.13909
35.3853
62.59505
173.061
39.14566
53.64515
69.34103
121.531
83.87241
27.83942
9.461083
47.33693
184.854
76.05238
177.005
184.2262
79.16902
58.67229
94.46216
12.48519
2.395301
23.93776
37.55782
92.20506
114.287
105.4839
138.6471
68.29935
260.6198
98.40059
53.94379
105.6189
125.1337
193.6071
246.8546
406.9217
183.0865
126.5413
25.14264
4222.11
3483.513
2899.801
2669.27
2327.939
2335.34
2115.89
2079.017
1974.971
1957.072
2334.228
2164.87
2289.574
2809.98
2334.81
2359.999
2536.612
1928.73
2278.417
1698.282
1871.177
2134.927
1533.517
1223.641
842.3221
759.5004
545.436
166.2522
189.0248
130.336
48.96968
20.94475
35.40475
166.3501
59.67772
131.023
57.12613
76.01685
9.477736
60.19858
25.26441
81.93915
49.60079
25.54204
371.8906
167.3973
16.65171
6.986342
100.448
86.96021
10.08785
78.12377
42.1453
70.44685
88.98694
67.14959
57.41247
29.09676
32.8401
9.664635
160.9605
173.9446
146.9286
118.0122
97.39438
297.5786
240.3266
128.9192
186.2926
135.8472
172.3653
420.1065
275.2899
169.8297
4740.505
2882.944
2873.622
3082.881
3056.641
3265.615
2701.052
2749.801
2692.84
2746.921
2562.994
2344.332
3013.35
2745.438
2657.473
2264.449
2018.535
2023.744
1314.757
1285.519
1053.892
108.8908
81.65341
82.9119
51.83319
15.68496
91.52461
189.0932
33.69831
20.46229
4.045177
87.20081
39.48116
1.074005
7.04405
53.47916
145.855
117.0225
7.332169
45.66373
41.19742
233.8951
70.98333
20.94469
88.7862
18.26562
100.3637
122.3237
31.88268
18.79688
94.87881
225.8736
214.3905
80.90249
100.2569
68.68484
7.136927
87.91115
273.924
173.2252
207.8106
167.8262
243.9719
150.7767
177.7315
63.16273
105.1187
119.7674
110.6259
95.02333
4454.127
3655.466
4023.822
2991.575
3254.541
3042.577
3762.377
3258.86
4016.423
3747.246
2853.716
3394.206
3590.566
3108.602
2959.643
3494.739
4480.71
3193.294
2869.505
2221.194
2080.766
2067.856
1893.232
1806.742
1042.235
726.258
287.7754
89.8831
46.75417
55.67132
21.10649
8.039263
141.2869
351.4758
43.25641
82.79229
147.4282
136.4781
48.53205
162.2076
7.14595
28.07325
26.81865
34.82527
35.61782
5.602286
3.289465
117.8047
128.4843
120.9531
146.3364
27.60923
9.906397
17.66162
108.3089
126.1979
41.01777
60.08504
32.10227
16.09547
392.1067
195.1008
9.0892
64.9361
128.914
67.86927
78.60334
55.87525
4679.747
4026.072
3399.571
3392.297
3953.259
4049.924
2810.125
3216.278
3228.176
3561.718
3722.821
3122.889
3357.967
3297.021
3489.696
2752.408
3058.295
2667.559
2974.673
2233.619
2053.433
2365.006
1709.571
1702.737
1586.918
1197.17
233.3221
120.1729
95.21023
27.72585
10.24623
1.329531
69.46248
20.18027
72.10561
26.31918
71.90379
18.42767
112.8281
84.1212
116.7122
59.92781
31.92774
74.10217
34.03622
38.41636
20.57413
96.16245
75.78846
2.313784
212.0955
2.649322
160.4915
130.6661
78.08935
117.2201
2.716169
65.2059
31.75943
33.95078
166.8044
70.52332
14.71312
78.0331
104.256
7.620468
30.91398
68.69934
79.72224
133.007
198.7887
139.8265
149.1513
3605.963
3978.114
3968.645
3100.38
3379.242
3201.132
3236.166
3134.388
2923.118
2823.307
2548.453
2673.183
2524.381
2877.536
2509.021
2404.846
2392.364
2608.022
2058.248
1835.88
1987.191
1502.172
1370.861
841.9611
513.7568
310.6201
176.6147
24.09706
40.19173
8.300529
2.894799
107.751
31.95344
57.52795
91.84991
104.3832
5.396692
28.83899
62.6137
26.62295
29.22138
24.8187
9.068658
2.958845
139.9342
91.32699
29.87386
17.68245
6.889871
267.995
214.43
9.36956
30.12962
104.6349
26.48288
12.50484
129.9244
296.9406
54.95167
24.10542
228.6261
98.02671
124.2985
66.19091
55.16137
246.8057
65.22083
167.3543
116.5272
265.2739
144.4527
3400.228
4303.843
2800.997
2712.24
3487.426
2983.654
3114.566
2760.254
2896.533
3204.308
2879.462
3262.97
3105.178
3269.27
2842.441
3276.058
2393.002
2636.296
2079.638
1987.761
2118.654
1273.586
1136.616
827.9747
673.273
545.7668
285.1515
97.40622
133.524
124.6202
35.30374
22.46606
117.3879
41.34451
54.96922
40.06562
167.9137
44.24546
89.15306
61.2564
42.41033
70.82618
118.5048
21.88986
20.63185
49.97384
1.462186
98.86336
5.640228
44.77709
65.83824
58.08688
122.3155
22.57996
9.509569
14.71504
16.16536
281.2115
198.0783
94.28866
9.286283
32.2892
139.2948
126.9687
52.7485
25.924
127.4738
96.712
65.77926
32.17287
154.8646
133.8732
154.1322
104.5343
284.6745
56.00685
3738.248
4237.757
3521.709
3285.01
2621.246
2531.419
2388.194
2646.437
1918.51
1721.88
2525.285
2911.711
2909.804
4328.243
3477.334
3467.937
3717.99
3477.308
3195.223
3134.149
1996.074
1896.156
1318.343
1370.592
649.6675
538.7177
73.68335
44.0415
61.26208
36.06452
132.9478
125.0894
204.3482
259.398
44.29531
28.20608
41.0617
349.4794
21.88242
69.36256
105.3978
7.427156
194.8937
56.16083
295.4057
42.69002
37.53654
130.5029
75.65638
30.15867
36.96002
30.6913
82.79478
215.164
14.65894
108.6085
119.0742
189.0351
89.48093
82.04372
116.1709
277.4976
81.26838
66.5002
34.55464
21.054
21.95703
42.32841
78.01524
32.55747
7396.388
7797.373
3792.969
4563.703
4111.644
3225.433
3287.631
3788.321
3157.3
3487.253
3183.812
2894.513
2417.483
2840.799
2608.656
3187.251
2074.423
2114.602
2026.46
2654.952
1644.962
1381.622
1363.313
1166.034
908.1268
429.631
237.4828
263.7841
151.347
12.02464
14.18879
14.89857
17.50856
17.97395
8.527017
25.04143
1.570462
24.16895
6.787472
60.93682
118.2088
307.4362
366.0895
72.10143
30.80723
20.43906
44.03157
44.63203
122.859
201.6298
22.40586
37.63993
848.6391
970.3005
902.4102
763.0622
54.04688
4.685183
99.73895
88.39577
58.2811
60.25669
19.54635
28.18751
46.99121
18.9059
63.47361
38.53167
23.42833
64.58163
40.30552
20.50878
65.25452
65.3499
6724.893
9821.767
7460.968
4404.512
4491.065
4934.743
7500.946
6382.5
6153.879
4536.811
4558.906
4847.05
4577.587
3925.574
3571.856
3119.548
2692.139
3182.767
2661.298
2297.012
2188.226
2033.665
2141.548
2016.107
1878.033
1780.081
1513.657
1367.71
1139.81
1290.374
1030.456
1056.592
920.1049
1005.288
751.8229
896.37
858.3731
932.2429
506.5977
926.3037
815.9496
802.1581
612.5458
853.7276
905.6581
843.1064
4781.861
4330.62
4363.899
2730.343
2199.129
2504.045
2746.641
2147.541
2668.101
2682.842
2447.78
2248.916
2594.607
1795.778
2426.876
2903.538
2886.681
3087.83
2542.312
2473.658
2653.608
1686.038
2000.111
1813.34
1251.502
228.1876
157.7902
151.652
138.1537
132.3419
124.267
119.833
115.6175
112.4132
109.5315
104.9482
105.1643
104.7703
100.5098
96.1503
96.47408
95.53805
102.1237
87.78449
95.83834
172.3543
167.3256
88.84005
81.99547
77.72131
76.3494
74.71245
74.44299
76.46445
72.21286
72.8063
71.09254
70.35983
70.54891
68.58495
69.83179
68.54066
68.63665
68.64278
67.94724
67.73955
4105.714
3225.416
3107.597
3164.011
3549.213
3913.55
2731.98
2194.922
2435.601
1840.786
1832.331
2221.509
2710.994
2507.17
2477.041
2364.787
2417.6
2098.033
1520.516
1711.687
1049.942
987.9462
280.419
348.3447
235.7182
89.61366
55.72374
36.9534
54.75305
95.15563
42.51773
50.55853
18.43214
51.8874
14.49108
30.34079
9.806852
51.57164
31.85493
79.94878
74.62659
138.3856
23.23611
11.91709
212.6816
21.93421
97.26605
86.86002
153.3746
46.22839
99.11367
47.21969
277.7035
212.7966
174.6306
138.432
368.0402
383.5155
102.9027
136.1607
271.1196
129.9216
80.06071
165.2516
263.2916
92.33728
252.607
318.4868
162.3103
126.6015
4264.507
3165.04
3955.222
3184.102
2691.751
2610.212
2026.89
2044.438
2773.898
2634.824
2166.319
2591.531
2683.013
3016.518
2098.372
1759.458
1890.949
1534.749
1122.825
1400.128
1153.325
1036.511
401.4
303.8239
60.45555
21.14491
22.17263
13.58598
160.8806
257.6674
24.01798
49.83393
7.075653
26.078
169.4915
24.42871
6.424227
11.84418
26.80852
91.74716
68.24665
7.564968
230.0996
51.60757
117.9648
39.45758
33.89834
51.06914
80.52336
78.43467
27.87626
62.71132
107.8101
96.96875
50.82622
5.512749
8.580957
302.2592
285.2672
98.97529
81.082
238.2432
283.3972
38.16292
126.5243
213.363
302.6979
94.22338
160.4433
37.2122
4117.072
3028.995
2994.222
4202.282
4158.505
2785.936
2820.472
2839.004
2521.412
3382.128
2663.551
2355.955
3055.641
3409.736
3674.915
2664.544
3517.954
3198.833
3441.514
2554.926
2171.236
2414.629
1692.436
1652.276
1177.56
477.308
628.4703
543.8832
38.8404
134.8038
89.05005
75.36596
149.5703
156.5517
171.2337
91.84669
79.05993
32.62973
9.535005
134.4656
108.3394
49.17768
23.60945
95.98946
21.60094
1.636689
96.77348
104.5129
69.86163
67.99799
19.47873
116.6144
45.44877
24.22152
17.79991
58.24362
121.2312
17.62824
34.81748
81.397
78.81717
83.48621
108.6609
79.13349
102.6432
50.31705
23.46235
26.79613
331.1977
167.0276
77.92118
43.82585
190.8785
3913.827
3858.063
3627.743
4645.896
3326.988
2458.038
2543.247
2108.802
2093.904
1939.47
2791.259
1832.686
2891.255
2952.243
2775.097
2923.003
2608.725
2281.5
2231.831
2150.733
1145.044
1486.732
897.2844
687.4518
427.0735
274.8069
235.6465
172.8935
40.45051
15.4172
120.112
25.29279
64.07816
145.1674
41.95314
119.8537
60.03159
6.721254
20.88512
92.92806
23.89802
33.41423
36.32676
5.24162
171.9412
42.82497
15.83684
60.6109
153.682
2.235624
15.0392
136.4753
172.9369
65.54445
19.48007
21.21166
129.3858
45.12605
23.58354
62.84137
22.54861
245.1386
102.9775
109.9976
81.7946
183.0703
202.9058
191.1116
233.3948
163.1581
88.21582
3812.054
3946.746
3416.419
3253.932
3323.399
2041.352
2520.578
2369.904
2212.569
2075.791
2134.689
2128.811
1916.854
2164.601
1638.724
2163.811
2425.06
2211.936
2302.882
2348.824
2188.797
1650.345
2294.358
1497.838
1482.364
1004.822
566.7971
278.8752
181.2155
113.2141
18.35827
49.44651
29.64625
21.79737
34.99114
224.268
126.1778
5.61693
10.82996
120.5993
148.0373
59.05501
5.842546
86.55362
130.5396
38.0643
72.80618
379.424
168.5478
307.871
156.8685
44.4438
98.30915
50.1511
24.45308
136.1972
47.06446
78.90917
91.0491
57.29985
310.6399
157.0915
230.2982
150.1197
159.3312
159.9711
137.9623
118.4798
251.204
109.7333
289.0533
153.7114
4099.461
3589.146
3255.582
3032.71
2446.097
2198.127
2306.379
2107.479
2303.639
2178.655
2605.141
2500.264
2453.522
2602.778
2552.029
2074.504
1857.233
1528.847
1705.856
981.4797
1052.208
615.0287
605.7448
695.9773
179.3452
71.93887
315.6918
185.1683
48.70872
10.78494
100.7308
49.29276
12.6076
13.98107
125.595
24.15191
83.54414
123.9603
161.4728
56.41874
12.28362
84.94989
62.2038
8.704877
88.70225
161.6225
160.1159
14.93582
69.44108
220.4188
45.51974
22.30975
126.5508
80.14986
176.5147
84.40588
235.7274
257.8945
327.4652
369.8435
251.9864
143.1674
64.71046
58.31822
200.2726
205.9306
122.3266
4941.245
3591.881
3228.352
2562.314
2514.475
2400.959
2672.053
2444.206
1849.582
1981.942
2296.927
2830.461
2188.005
2618.403
2312.01
2315.778
1386.815
1793.526
1232.508
1248.61
842.585
699.0658
727.1542
544.0145
286.7794
230.8837
47.03469
26.79602
183.8182
74.21181
32.10965
0.3127461
57.23007
65.33813
38.27271
24.72371
49.92859
126.204
115.5277
157.258
75.55957
117.4884
44.14824
24.51595
42.29637
190.5168
55.13115
170.6857
18.54532
195.7625
208.8473
36.4015
43.40824
51.78473
75.06287
150.6772
138.4906
298.2071
133.7998
208.5582
304.6729
128.7227
61.88158
27.82005
265.0616
275.5023
99.0008
346.6595
3911.465
3752.475
3067.37
2328.849
2341.59
2744.182
2400.503
2390.89
2450.259
2440.709
2450.439
2736.434
2627.592
2894.907
2217.032
2315.875
2218.371
2084.183
1310.677
918.7182
1193.843
438.9468
405.8228
228.56
132.1962
134.689
10.35849
136.177
46.37503
226.4543
279.8148
20.26814
35.81875
70.961
259.5005
30.89401
33.83371
76.46531
84.5202
106.9706
83.90826
429.6963
56.59895
121.9307
79.09934
61.07663
106.8897
110.8683
3.856387
67.32339
59.22988
76.46585
273.9805
79.88749
92.96414
147.0143
88.70269
222.83
63.59138
37.30303
49.0313
126.7302
252.1343
71.71449
61.02006
225.7022
90.29161
4457.433
4113.716
3084.694
2599.374
2386.264
2169.516
2850.16
2894.852
1614.712
1677.232
1770.864
2178.323
2347.311
2287.539
2477.862
2819.587
2611.486
2297.699
2227.846
2454.938
2115.783
1474.576
947.1166
521.3444
667.8123
309.7054
60.75077
13.45675
319.6679
12.65759
122.4008
33.06254
14.31404
7.714457
11.7213
160.4547
26.16334
44.25958
96.80957
161.1548
199.0729
41.68793
136.7019
162.6662
196.5955
68.06667
124.9548
99.91084
122.2712
102.0091
26.22906
120.8981
140.0955
235.8755
231.1065
120.2584
234.6947
178.7751
306.8562
234.8444
67.04416
171.7032
176.8445
264.9497
124.3408
199.4356
301.8057
261.9174
266.193
209.0237
3675.463
3663.799
3342.439
2651.827
2890.838
2436.901
2536.774
1965.407
2229.828
2025.995
2155.632
1871.316
1646.418
2394.192
1937.09
2366.396
2260.092
1596.513
2005.952
1466.038
1350.462
1307.839
941.1992
657.1035
295.129
171.8966
71.3754
64.14887
192.0492
10.76727
158.3304
69.5925
6.09575
5.855955
35.91869
18.93706
69.04595
140.4666
84.09571
68.46107
264.8961
135.1239
66.74487
93.8401
182.3022
171.2306
47.35968
113.3407
35.75969
24.26172
149.3591
38.85155
18.09281
33.79532
13.54395
126.1967
121.0971
104.4025
99.60858
134.7288
142.637
47.39402
201.9198
135.5296
241.6766
110.271
105.4802
130.2529
138.9295
304.4403
64.41212
4344.969
3827.457
2670.412
2551.501
2952.877
2613.4
2232.804
2088.917
1766.941
1474.548
2008.325
2097.175
2335.056
2584.976
2660.123
2120.814
2576.78
1188.021
1429.896
778.4676
1146.204
450.908
147.0699
159.5934
38.12325
153.6604
167.3798
5.431889
62.03292
240.8906
179.9931
81.53094
9.648753
19.42844
14.70627
5.75203
4.407195
94.85246
85.84199
63.56282
5.087584
142.4255
250.0712
81.13582
70.66696
47.24318
78.63732
144.7393
166.679
18.94326
48.45456
153.6658
97.46491
112.4598
167.013
22.0599
58.56546
191.4914
273.8433
210.1231
54.96941
188.8974
31.60865
84.23033
179.6675
202.3134
60.98098
165.9198
75.78192
22.43904
89.89356
169.9167
3932.762
4217.066
2864.142
2734.825
2402.023
2056.454
2032.434
1785.738
2180.33
1752.195
2321.416
2716.864
2417.953
2500.503
2340.564
2073.362
2925.581
2580.781
1390.681
1345.324
1046.466
678.9869
296.1098
7.173001
234.3562
25.71497
26.83342
17.64106
62.29782
118.1669
1.474732
218.8681
37.42661
88.35544
43.10524
187.273
62.52588
142.2944
55.50991
240.0421
61.12023
57.43771
5.520196
28.51658
149.1447
56.25196
41.75738
45.31509
213.0534
38.72997
83.65864
74.87104
167.6808
58.56145
87.59
62.03259
179.3369
172.1805
310.193
145.8332
108.1022
224.9747
84.56219
93.88348
105.9957
143.3485
351.9053
4651.747
3001.805
2888.893
2535.116
2798.781
1827.707
2051.144
1847.841
1932.413
1700.942
1561.726
1494.175
2126.22
2450.166
2096.307
2093.307
2373.328
2397.216
2804.935
2836.054
2267.783
2179.906
1108.2
1134.619
526.9601
224.0036
101.8557
13.76226
176.9769
182.3689
26.15767
29.34519
34.82479
52.30046
37.30956
59.66086
9.161593
23.20382
126.9433
72.07805
13.83035
117.8021
115.629
327.1369
228.2013
85.2374
174.3992
124.8455
40.45415
130.9124
28.85645
110.8099
337.488
156.9222
170.2401
118.1675
218.5899
31.11147
117.2636
120.3359
122.9534
238.595
331.6152
116.2477
241.2149
90.64712
58.39664
279.8232
228.742
4104.374
4103.515
3203.894
3176.865
2498.552
2430.318
2756.862
2493.45
2720.306
2372.211
2755.053
2146.471
2109.203
2072.079
2851.01
2669.853
2614.851
2933.606
3104.551
2372.778
1449.792
1399.027
1419.157
577.9564
196.5908
55.74223
8.399236
8.171105
176.6211
19.25933
36.9811
67.95171
26.55443
55.53557
103.5579
63.46692
158.6396
40.99917
81.42012
84.60118
115.1691
149.9552
70.32689
63.77274
11.72155
33.1623
97.02618
131.3241
61.25108
74.63028
90.85872
103.4997
123.1118
192.2576
169.2383
82.23443
115.2273
298.6149
122.8505
85.29134
86.70526
197.9986
153.6002
111.0078
77.18913
169.7711
202.1372
425.0549
4110.243
3866.22
3103.384
2733.265
2629.897
1899.929
2433.719
2288.555
1616.588
1830.441
3274.425
2865.68
3081.211
3451.256
2231.645
2112.553
2177.88
1869.979
1460.495
1598.447
979.6646
1234.968
400.0981
352.8105
241.0252
10.29787
117.7873
45.42175
121.6117
69.11457
3.298902
30.85825
82.85816
10.4032
46.13329
85.95836
26.33028
441.2959
140.4754
31.39218
4.741086
95.19266
88.23269
158.4244
60.50695
86.90604
117.3908
192.237
26.02333
80.29153
36.2236
62.16126
25.89119
139.4982
78.52547
131.7124
82.21713
88.54474
121.8335
94.31712
90.65086
88.62765
185.0037
236.0847
118.3595
18.81592
196.4867
63.38514
214.0595
177.2614
2579.476
4328.096
3292.018
2741.229
3282.961
2394.959
2306.222
2148.971
2367.377
1676.453
2262.338
2150.497
1948.01
2664.354
2626.265
2765.32
2918.598
2218.304
2401.264
1881.711
1694.14
1176.716
1255.902
686.8093
583.4669
779.0087
630.236
122.419
246.3081
180.994
191.1517
8.304339
11.86426
50.33095
225.6236
10.935
51.62928
101.2949
26.19317
5.869795
1.783967
8.550502
74.2016
39.36727
72.99432
35.68871
75.05964
16.71594
24.90808
57.67302
48.16823
39.62958
12.14609
52.75971
299.8788
33.19586
94.56683
139.41
102.8226
98.69312
228.2488
106.2835
189.4063
48.76096
73.91325
53.7361
144.5039
376.197
145.1191
302.8238
137.2321
124.2283
235.1114
98.68722
111.8781
301.154
4257.199
3219.322
3350.8
3093.435
2784.821
2819.377
2344.885
2448.631
2053.482
1486.827
1841.246
2471.839
1857.408
2380.475
2337.923
2552.125
2531.48
1909.743
2745.714
1565.157
1166.678
1057.811
1067.193
464.5752
138.851
124.4407
14.73362
108.8476
78.58238
32.50379
2.879441
3.705307
25.20972
3.330256
12.38616
50.35924
44.53294
15.96116
173.8667
61.18817
55.49955
12.59201
104.2325
53.43889
123.5698
53.7878
109.2653
48.86021
8.48378
37.8209
176.7923
46.01417
116.2806
29.07564
68.08592
166.6129
184.9026
77.62485
212.2986
50.76122
1.360317
6.171124
79.65711
110.0223
83.98701
94.65405
76.26819
194.118
426.6097
97.17372
54.40665
59.48174
112.9841
65.32058
45.69387
120.7992
3740.041
3980.576
3792.031
3070.84
2113.059
2559.773
1822.863
2023.152
2064.486
2507.811
2151.08
2212.227
2817.917
2363.188
2357.543
2564.149
2215.293
1907.687
1653.711
1671.219
1228.34
1089.707
801.5997
556.4737
402.2627
183.7115
68.50984
14.19814
123.1246
47.07234
5.595098
105.25
59.23528
9.200187
62.07452
53.7564
234.7901
45.45372
82.65639
39.70377
37.78896
17.04701
17.09498
112.1803
104.6121
96.34957
215.2404
49.13531
7.425037
117.2401
13.62221
64.8221
62.73362
27.14545
49.98083
41.09494
30.05888
128.1751
114.5392
81.29662
137.458
117.4625
184.9165
158.3024
244.8649
198.7019
217.6743
158.0409
274.2498
97.86623
153.2245
216.79
74.02998
149.9017
216.7362
4243.577
3399.446
3293.988
2426.545
2943.721
2584.115
2059.584
2024.492
2124.568
2896.624
2903.556
2524.375
2363.99
2564.831
2144.11
2654.547
1772.172
2184.802
2361.697
1343.873
1423.848
1671.99
689.2505
437.4459
187.8068
126.0724
34.22317
127.8247
6.527756
30.11753
145.1587
8.958567
53.36178
14.96172
257.5409
21.58838
49.20802
33.62307
25.23625
130.7617
98.73097
106.4675
94.9443
147.5301
63.68132
32.77809
6.206319
24.8917
117.9922
95.28287
44.44515
37.10414
56.23811
310.4805
79.3933
100.0045
6.591085
118.7704
131.6312
63.65323
216.1626
148.3505
225.561
164.8633
34.88697
160.708
271.1024
138.6198
3.710784
39.22554
101.9689
94.90301
272.1322
157.9447
127.193
152.0893
4113.492
2849.716
2611.215
2917.121
2718.057
2698.88
3934.99
2425.534
2645.1
2366.261
2662.524
3205.353
2994.42
3114.183
3071.144
2756.901
3590.3
3699.21
2946.25
2958.484
3110.244
2610.104
2202.003
1244.867
859.8704
463.8798
209.4677
298.6333
149.1209
176.9396
285.2426
43.85372
42.7421
82.99294
58.86834
55.10446
149.5087
135.3318
163.2061
167.8277
128.7276
145.9423
2.714343
14.26783
32.1655
29.89432
190.7457
231.2243
84.60938
56.27822
342.381
111.5634
56.71591
74.92516
94.23124
96.20235
315.2426
115.9958
122.2617
129.2959
35.22949
75.61662
25.02775
14.82622
97.95992
181.0597
101.1022
16.23514
46.15484
3709.34
4520.906
3505.234
2919.897
2986.968
2238.604
2388.8
2958.59
2884.311
2988.268
2111.43
2761.368
2348.612
2024.609
2997.375
3962.343
3536.331
3682.042
3852.832
3206.807
3504.394
2340.461
1985.878
1166.213
663.0051
427.8537
122.9243
52.25079
31.6181
40.45676
86.02489
351.7904
14.36937
12.45863
6.591964
4.057893
145.2885
163.626
25.56412
89.47721
79.67312
39.55112
122.3136
160.5783
56.31455
59.13338
75.7421
145.1227
105.9264
123.2791
34.82615
146.5209
365.2007
188.4103
75.47002
187.2193
41.57251
1.0545
204.6945
158.882
148.3802
69.86193
44.74363
159.5711
11.80632
11.18879
150.805
204.7394
110.6476
100.4894
34.59216
229.3995
4625.5
4034.538
3420.773
3011.875
3116.019
2693.036
3095.32
2536.687
3032.516
2316.503
2345.004
2361.438
3195.81
2894.307
2532.125
2665.476
2628.796
2849.219
2783.361
3636.718
2980.482
2149.907
2120.796
2265.157
1745.244
1143.708
1006.619
495.6563
204.0831
103.885
62.66636
72.63696
50.87695
94.34203
240.8657
40.0043
18.77652
12.22207
12.6125
64.83014
5.167626
7.36423
54.45592
63.76974
82.86137
118.566
93.784
59.79987
39.95253
109.6212
74.60478
22.57576
155.3351
133.9476
55.16346
88.80173
74.12837
55.00812
129.3655
64.49239
232.2715
126.1701
113.6251
159.6598
214.1614
224.2654
208.8361
97.93745
217.4354
100.8567
172.978
80.50066
3.703078
220.5921
3916.714
3525.458
3323.524
3139.281
2447.954
2896.448
2972.463
2895.856
3050.705
2589.485
2233.647
2661.836
2694.532
2627.784
2460.158
2813.394
3026.262
2512.024
2678.769
2875.605
2786.935
2020.112
1528.585
1531.56
1884.577
1430.309
901.5908
557.3831
415.0287
302.8923
229.3006
101.4534
2.52775
5.237747
10.973
43.72083
33.31126
26.42927
47.06382
81.10748
57.80167
27.84713
28.95527
14.88688
5.099645
155.7431
11.49473
24.71484
39.07543
207.0944
81.51154
47.33361
29.00413
69.08827
50.66293
39.9504
23.05733
98.3345
118.4834
13.19471
225.4811
102.6896
175.8895
276.9205
14.03724
51.19425
161.8373
131.0157
98.09451
277.6923
122.2957
122.9342
146.8043
50.22424
25.17694
104.3446
108.2997
51.48706
4287.713
4594.913
2372.021
3198.341
2314.488
2511.035
2501.197
2956.366
2343.644
2563.051
2706.473
2669.016
3011.673
3126.659
3406.221
3116.258
3009.296
2139.668
2619.431
2427.144
2014.267
1802.063
1793.704
1035.901
25.8035
201.8125
148.9186
13.65314
77.28663
137.2104
105.0303
23.48867
12.50419
64.35123
56.12231
11.04065
0.6833271
29.93116
134.6917
46.07473
24.91476
239.1919
68.59491
217.0306
35.20058
39.02849
247.9896
61.568
75.97758
83.51508
85.0389
201.4927
79.90104
12.24892
137.6997
190.6786
68.4744
29.85833
110.757
165.3429
192.85
91.46874
212.2319
215.8928
195.0971
150.3445
94.24084
5119.165
3705.968
2687.251
2490.714
3310.583
2764.666
2875.178
2706.229
1961.256
2487.51
2319.69
1790.085
2771.717
1960.016
2641.734
2786.355
2397.562
2439.837
3055.441
1814.699
1668.806
1888.031
682.0835
549.9084
35.22598
120.8553
90.18343
124.8909
27.34589
67.22664
31.73429
127.9791
30.95565
45.52441
69.88885
74.92085
27.01923
116.0439
22.17695
48.57129
152.2786
191.3578
32.68898
53.43564
122.2758
64.1862
81.50482
233.7274
250.2625
52.75902
76.70361
258.3214
101.3152
97.40443
135.2784
225.8385
69.35044
106.799
34.99767
77.12758
130.4955
110.5028
51.66475
51.95968
270.8751
204.4603
61.61084
207.0972
7375.271
5467.455
4575.249
3919.439
2958.285
3949.079
4783.708
3498.369
3682.888
2295.929
3572.803
4262.844
3517.781
3599.885
4092.929
3232.804
1959.122
1645.621
1609.139
253.213
228.1372
18.83573
27.56817
126.7534
123.2954
401.5903
202.4451
179.5571
29.08302
314.6125
41.01953
339.5112
69.74853
29.90116
105.2884
208.0567
299.5336
787.3674
777.9467
200.035
78.99759
8.082345
82.88503
211.2262
241.171
95.68991
5.031019
87.96842
29.22098
112.4139
19.88037
39.735
33.90471
91.53522
29.1731
19.02484
1.093666
35.42316
9451.678
4760.966
3176.621
3807.335
3273.121
7549.418
5172.023
4177.05
4157.931
4037.56
5071.334
4149.66
4117.207
3276.914
3674.002
3251.853
2905.576
2661.208
2749.017
1502.123
587.3248
767.4066
1275.012
345.8358
379.8217
1027.621
720.4939
911.1906
810.4765
313.3244
289.5016
276.1839
275.717
275.6929
275.2555
275.0438
7543.902
5914.367
4467.885
4506.584
3648.501
4648.923
4028.25
5274.352
3676.466
4202.146
2990.68
2992.379
3127.772
3188.618
2581.403
2353.59
3959.902
2866.9
2512.275
3047.529
2057.42
420.7131
225.9111
381.2046
216.3423
319.4971
321.9811
451.4555
186.8234
967.9335
863.9251
124.0544
112.678
220.4748
119.7595
121.5835
121.8162
4510.161
3619.017
3223.729
2586.725
3179.469
1969.067
2488.663
1841.988
2666.863
2294.625
1867.694
2495.657
2257.8
2471.931
2524.809
1969.073
2567.204
2009.355
1804.208
1755.617
1644.306
336.8361
141.164
100.1759
39.03701
8.619184
26.32093
63.03772
39.11721
4.215625
195.4569
10.55546
12.69831
11.10674
55.62857
193.674
46.39143
45.89089
57.24266
26.55422
143.6324
41.69798
16.53241
172.3866
106.7892
52.30543
84.28611
219.0087
230.032
44.06301
221.5491
93.02897
41.66187
82.828
95.97939
153.4896
163.3505
191.7498
81.77225
185.9048
97.10935
152.4143
145.0519
5641.44
3088.825
2692.395
3388.815
3009.36
2893.654
1883.486
1375.117
2005.146
2175.755
2380.065
2055.286
2614.09
1891.278
2338.716
1901.817
2350.924
1659.466
1378.09
1133.573
878.7398
785.6913
738.3401
220.2416
264.75
84.08497
244.7645
10.75255
28.83928
144.4586
83.90814
10.6546
24.02015
50.34412
156.237
123.5205
13.44475
5.736598
51.79127
44.18892
32.36615
173.6409
33.89978
108.5535
69.85137
98.18883
23.41921
102.6055
7.809979
356.5082
359.0936
40.37992
68.16237
6.51279
83.67035
101.0118
272.5391
208.7805
231.4759
308.3983
117.0683
102.172
285.3837
106.9627
189.6906
199.1435
199.3399
98.37328
5341.523
4637.602
3470.396
3641.204
5412.477
5093.444
6957.666
6223.123
7036.474
6844.333
6158.947
4447.129
5924.253
6468.167
6830
6185.508
3766.207
3819.166
2734.53
2964.542
1794.522
546.7552
1426.367
1239.526
1298.068
1075.863
800.8922
1218.93
1122.094
480.229
717.5922
923.2949
993.3871
145.7485
370.433
110.5172
120.4111
170.9431
104.6008
299.886
401.8991
181.7961
8.811339
98.12398
22.80152
164.0192
300.4749
610.7727
359.8872
419.4832
495.7088
317.3638
71.68208
51.90006
229.1601
381.2013
464.3356
7836.54
7102.033
4365.885
4374.88
4909.084
6262.055
5811.135
6857.16
4553.857
4242.556
5466.216
3970.599
4455.534
4572.336
2487.292
2685.402
2852.934
3379.404
1911.124
1728.637
1213.304
1752.957
613.3902
631.5032
446.432
105.059
191.4248
29.91271
47.46148
20.92057
30.52937
142.9949
130.5927
66.19006
9.322023
65.30202
395.3258
258.876
360.6661
486.4239
237.5484
182.1706
201.4104
692.1059
311.3447
78.05731
1021.837
982.6343
54.31488
195.7943
489.4594
85.60777
102.6607
51.75599
55.78521
225.6337
6.302604
36.48312
3.705911
88.93268
158.6731
170.4901
118.5455
73.69526
86.52357
26.00735
5278.535
4928.062
4208.783
3120.465
3153.836
3125.821
2966.554
2560.606
2637.76
1824.464
1919.011
2040.603
1797.373
2191.597
2199.496
3201.06
2307.57
2288.257
2193.616
2047.938
1580.042
1481.432
1387.755
973.0012
741.9346
290.2014
156.8096
67.46501
30.64822
91.36248
31.09655
0.889458
28.37651
91.91566
27.0708
7.599466
89.60374
131.8431
56.01838
28.24234
27.46088
20.88072
277.5057
116.3522
100.2758
57.2886
87.7803
165.7921
34.15837
4.972497
129.1382
149.1335
277.6334
292.7043
138.0044
81.27817
204.999
119.6229
58.10859
70.60789
91.59196
37.18722
90.37434
262.8882
99.48807
121.1588
168.3905
18.13843
161.5994
192.0587
150.9043
42.66148
173.6035
3774.873
3762.769
3749.977
3375.454
3318.258
3249.204
2253.514
2527.5
2390.715
2115.632
1775.638
1652.079
2524.954
2617.32
2422.688
2561.67
2072.945
1718.655
1793.039
1508.22
947.3188
1120.302
956.8995
596.5198
126.0984
195.7448
44.08485
135.5654
231.2228
123.6028
64.20395
36.33387
51.05431
72.25163
30.67994
12.33619
30.32972
49.48469
14.62649
63.91132
65.86759
99.21917
150.8599
79.87035
16.12348
13.24636
23.72341
92.49099
33.76992
2.436726
31.29403
9.886471
97.25337
36.87074
9.977378
43.2855
240.6628
127.0209
253.7851
198.2018
45.40759
174.0061
139.6754
144.6661
3.865186
292.9253
182.4542
84.25626
74.52527
4911.001
3404.148
3443.797
2830.631
2860.551
1988.431
1791.942
2861.536
1958.564
1713.136
1779.85
2236.45
1905.327
2442.787
2611.229
2523.332
2589.639
2446.36
2083.369
2697.513
2245.403
2490.415
1594.193
1518.398
1657.927
1558.167
1238.806
1005.196
275.0332
72.401
30.48773
30.99546
320.163
75.53352
6.595621
2.843652
286.6966
122.5827
50.89287
34.66561
48.64493
166.6457
32.77779
193.7058
117.3925
102.3063
128.9812
161.5032
105.5794
18.2576
29.54154
165.1126
151.9292
198.2371
187.6876
74.36989
88.34492
208.2461
211.4384
129.6462
129.0382
60.60543
64.56312
89.00508
130.9012
339.9562
161.6258
68.48209
237.7526
187.9299
286.3875
152.3786
53.48696
100.0814
58.0965
4481.173
3304.938
2883.147
2484.031
2462.784
2575.791
2154.462
2201.849
2097.408
2924.364
2241.998
2653.783
2938.728
2901.728
2464.545
3203.82
3000.921
3085.653
2208.391
1559.947
1229.29
1372.075
998.7398
455.0335
326.4081
240.921
78.45158
50.58546
35.94431
31.445
23.10368
22.73683
32.61736
86.22276
50.50176
171.6356
30.00904
49.29618
13.33077
4.968975
13.53069
296.9732
26.09711
127.3589
181.0286
180.5599
249.9141
40.51038
21.65178
20.41485
34.88331
87.16905
19.62881
69.87772
16.14375
97.78497
136.9288
44.93161
323.81
136.6657
197.7086
128.0159
108.284
207.8827
242.8521
70.81393
112.7705
447.0149
12.33769
157.2132
239.9547
4578.907
3145.133
2852.774
2705.619
2601.709
2758.723
2406.362
2262.867
2473.078
1377.159
1925.7
3090.256
2571.221
2194.444
2051.861
2599.984
3104.33
2213.802
2540.078
2512.723
2319.329
1921.349
1719.794
1422.704
1686.126
1440.533
436.2258
320.6068
220.1205
351.9172
31.82823
18.2717
5.050712
52.65638
93.30043
44.42822
2.898293
39.9888
25.25659
72.64931
16.7005
5.566182
32.23479
118.1926
380.4027
212.4784
174.6274
152.0099
158.8193
130.3871
6.615654
118.1048
30.81804
53.45221
126.8876
132.0968
128.5666
5.508926
101.6509
39.67842
9.745231
33.44364
149.3851
117.397
158.4798
93.49207
84.20402
67.19054
107.2848
141.6779
65.87968
146.4764
174.6251
249.3322
43.97137
10.55186
193.6659
4997.536
3527.322
2767.367
2557.45
2073.727
2335.854
2589.088
2385.895
2148.84
1863.14
2040.66
2419.046
2542.66
2256.24
2642.087
2546.663
2598.319
2690.983
2751.502
1590.275
1880.04
1722.382
1494.677
1592.418
778.4826
495.5367
281.9003
8.826673
64.064
87.35969
72.41747
76.91267
39.02608
65.32854
33.26976
176.221
35.92895
21.5056
78.73922
294.0028
172.2662
70.4583
66.34206
109.636
44.38059
22.46642
260.4803
56.26579
202.2522
180.2894
201.4317
14.67455
52.87189
144.9335
116.9549
147.4584
59.82833
334.3929
120.3122
14.63869
226.9725
104.7778
87.14895
86.84843
123.7768
105.8843
135.665
41.38809
4194.315
4125.28
2506.592
3297.748
2840.871
2552.751
2513.88
2840.012
1986.371
2208.338
1389.944
1764.327
1607.326
2672.699
2639.658
2432.221
2834.952
1823.13
2979.396
2180.868
1361.995
1523.763
1270.174
1168.403
492.8264
252.1933
237.4724
175.2777
1.891956
7.052121
77.64607
102.2064
42.92997
109.1541
7.652313
59.42225
114.5718
4.720932
7.96382
15.06201
23.71166
27.96322
174.4
9.398809
69.89674
116.4572
90.92668
146.1424
10.63432
5.443396
43.84091
22.65647
83.75178
7.761479
49.99559
57.11495
225.7417
32.23301
257.8642
247.2099
122.0505
91.04393
373.2205
224.1755
77.76556
126.3387
70.47495
188.133
42.05346
205.5593
85.76165
175.245
108.7491
221.1549
3028.704
4328.461
3342.577
3254.531
2911.1
2696.732
2579.708
2694.499
2682.208
1641.273
2022.758
2156.687
2099.037
2637.041
2870.918
2711.335
2395.788
2199.817
2283.575
2697.464
2022.276
1585.583
1412.772
1333.156
1291.672
614.2918
388.7346
342.6155
287.3717
345.9604
46.32287
8.240237
8.983941
104.3411
76.0613
10.17519
115.4275
125.9869
60.88036
49.4922
1.34551
22.15263
76.24779
119.4681
513.0843
197.3134
31.22942
42.55131
62.07401
111.2488
10.95694
82.21245
112.507
93.86693
109.2613
146.5935
181.1795
219.7192
104.9461
76.06646
154.7324
67.21327
17.20562
179.8021
163.9349
103.3496
89.0596
334.7717
4538.692
3557.174
2697.266
3292.328
3259.049
2417.535
2023.133
2195.357
2159.428
2009.953
1948.193
2127.921
2193.497
2279.806
2626.993
1856.267
2378.077
1941.922
1842.588
1946.809
2171.919
1935.637
1258.209
1600.414
1227.689
721.2015
518.4166
330.9179
119.3404
74.66351
11.78072
30.27845
76.20132
26.03277
54.23571
3.841316
77.02593
3.345775
26.70411
6.052705
10.32417
8.385107
144.2798
123.8498
118.1086
173.0167
107.128
117.8068
25.26875
42.90561
8.772728
47.86848
128.7504
144.8217
128.8688
78.09821
56.83818
13.841
4.457986
121.417
313.3933
195.1735
125.5762
82.58546
174.0703
254.1988
93.22028
130.475
155.0431
189.58
72.59571
251.2544
257.972
111.1264
3536.622
3869.578
2912.874
2966.778
2459.445
2360.198
1891.188
2176.552
2223.566
1725.255
2486.302
2209.042
2072.273
3320.692
2857.809
1785.178
1719.381
1751.006
2166.231
1918.952
1329.592
1060.356
1024.618
585.726
386.1403
145.3283
5.948273
122.0025
45.10929
57.3314
119.7844
41.71144
6.637635
57.20804
27.55696
26.39991
23.48664
11.88146
273.0594
28.7851
20.75575
13.7466
93.44671
267.778
89.99539
137.7929
55.8471
134.207
74.46053
9.709138
8.074454
18.73246
14.38087
12.84872
39.0496
60.72684
36.77923
40.77917
140.9072
384.9489
64.10722
52.67227
290.5956
156.3206
58.83586
236.3916
192.442
106.0259
329.4722
295.1391
4334.991
4515.685
3225.299
3173.876
2960.624
2829.651
2944.909
3178.322
2056.642
2365.927
2581.948
2167.656
3685.186
3923.768
4170.522
5483.917
5174.183
4325.074
3032.116
3008.627
2544.298
1372.426
1634.25
1672.275
1009.843
1547.945
847.2142
1185.021
228.9191
302.3012
204.2466
16.87703
22.30146
248.9898
62.90386
93.76763
153.9595
289.6866
591.0743
303.1556
117.9733
19.20866
25.50505
30.46019
114.2303
52.65404
80.94366
19.84732
1.024262
16.70528
18.27102
4.113064
123.35
141.2569
70.77711
41.37592
23.92734
25.17971
103.7568
108.9127
94.23048
375.8503
87.01126
156.6301
7.902777
41.23264
417.3781
153.4753
75.47614
217.6657
76.8144
140.9882
267.9774
3251.215
3806.95
4008.884
3022.164
2312.834
2586.046
2774.094
2630.581
2155.443
2428.344
2739.83
2878.072
2451.42
2264.753
3183.262
2605.139
1610.364
1836.221
1536.899
1263.646
1461.244
870.703
799.4204
179.9687
52.30311
93.28811
20.30195
12.01553
156.7923
213.9337
70.70181
14.62587
61.05268
24.68895
26.06015
12.71271
34.49367
37.07002
170.2908
289.9032
154.1524
132.35
52.0457
103.8767
8.622157
128.3178
224.8449
196.3209
13.1161
18.2914
19.37181
21.95064
66.53137
76.95107
160.8796
221.3761
145.5841
109.357
28.48274
145.5257
112.7458
168.8033
274.1817
199.4094
130.6194
130.1186
165.5831
104.8091
199.1581
25.0721
129.5722
3886.173
2907
2652.029
2748.348
2690.896
1943.372
2172.432
2429.659
2311.341
1875.129
2082.363
2604.761
2461.429
2337.474
2085.678
2362.893
2375.378
2620.612
2124.926
1825.929
1824.664
1769.123
1673.066
1384.293
1426.246
969.78
149.9394
162.6574
24.58719
13.68365
4.127522
11.48671
65.92266
37.37822
27.33797
6.980256
27.30519
122.9536
21.56858
30.23032
44.12432
39.84881
108.3171
135.3705
178.6924
83.6833
92.71394
8.491078
112.8299
332.9327
36.22809
8.545548
54.14864
167.0668
29.8252
15.10882
253.8259
104.9171
36.99531
215.0374
236.0945
190.0244
85.50325
141.0689
140.4236
156.3437
71.83878
197.4521
254.4233
253.459
329.3955
178.8713
231.2342
261.3337
4129.556
4157.823
4464.271
4154.636
3530.277
3990.427
3233.575
2824.314
2481.263
2278.065
2443.622
2559.22
2593.521
2942.936
4310.846
3542.485
3595.034
3148.129
2984.911
2149.301
2011.518
1421.869
341.8711
539.3163
32.32932
74.08082
143.3321
218.0502
115.5101
247.2005
228.0031
16.60285
91.23019
42.79996
23.74325
44.42252
60.82042
15.34839
21.9828
136.3795
4.981591
136.0997
174.7467
102.8553
29.04156
53.29729
146.7918
23.958
97.34432
103.7329
27.21272
17.125
18.3446
5.752674
24.28164
50.03641
7.013694
70.77468
94.8315
262.1693
91.56763
292.1798
182.4977
144.5211
24.98859
237.548
99.10792
212.7115
4528.305
3914.228
3226.327
3463.413
2548.221
2628.904
2889.208
2295.374
2420.209
2166.638
1769.491
1528.823
2193.145
2372.39
2286.245
2387.414
1971.9
3198.939
1844.777
1908.145
1688.815
1371.101
906.2751
1097.603
718.2021
365.9452
21.99356
14.18682
139.4799
107.218
99.96894
169.2685
18.00903
36.01977
58.87786
112.1627
35.31151
5.034445
2.350343
17.67927
107.8552
73.7006
238.026
69.72046
113.9664
54.77467
41.35859
31.6347
98.62881
70.51369
136.324
59.99841
88.73579
5.306053
145.5139
66.52492
155.2151
4.857925
72.25047
8.716108
24.84664
160.2491
193.0629
59.06781
115.6754
200.7605
148.8463
266.3499
200.871
121.4421
210.7661
139.2185
4316.877
3549.356
2828.511
2506.999
2450.739
2654.899
2495.618
2320.258
1629.396
1959.39
2172.705
1881.314
2259.026
2653.024
2514.968
2108.288
2100.721
1913.679
1559.081
1725.066
1441.975
1156.485
951.171
727.2175
270.9195
190.3983
47.93379
140.925
43.17634
9.355437
98.95844
154.3672
17.97847
37.66584
37.98397
85.83102
4.545099
25.8274
155.775
128.0342
199.818
193.347
142.6096
22.57239
106.5356
154.4875
138.2914
62.37887
16.86749
63.26573
62.19852
118.2557
99.67757
88.16329
208.3042
176.7915
236.3274
175.5419
125.6759
168.8435
105.7476
59.18236
87.12358
88.47041
101.8474
99.31258
139.8669
88.76776
32.46844
87.67031
165.994
37.94964
4114.24
3927.065
2434.057
2897.375
2589.588
2601.803
1886.735
1519.028
2191.592
1776.7
2425.155
1528.968
1621.479
2107.91
1908.656
2582.933
3149.159
1725.329
2087.192
1732.352
1434.222
1269.239
1036.087
632.0619
274.9524
70.03186
34.82819
58.34459
157.7937
3.677952
10.63942
261.2346
16.39717
96.61142
232.6781
122.8272
53.24338
16.35454
8.51685
40.80888
43.9495
61.81265
68.63733
265.2482
277.4487
200.661
219.2434
27.30139
91.45972
75.79453
65.95844
65.1412
79.94146
64.54581
26.78535
127.7384
48.20834
70.65489
69.91866
184.6477
130.3902
96.48995
225.7467
120.3882
170.5568
93.09479
69.55328
155.4199
155.97
95.28809
132.2733
136.0467
4358.493
3895.478
3281.571
3156.541
2712.838
2058.875
1827.588
1675.528
2286.686
2427.296
1701.197
2056.501
1935.338
2559.242
2351.034
2657.967
2176.417
2342.855
2452.19
1931.62
1405.261
1282.839
1590.842
973.3666
485.6584
611.9574
142.522
159.1669
25.64978
26.75307
13.77644
197.4315
53.1754
15.17
20.65013
93.17476
58.77904
19.58313
46.59385
147.9938
100.2795
76.06209
246.1692
229.357
414.4684
69.30216
100.2273
41.02426
24.25624
43.00619
104.4033
74.76759
355.7071
2.392425
27.60824
61.55085
190.8927
248.6563
126.1057
43.85625
197.5258
195.9435
252.8086
48.75296
275.1651
447.8807
68.64351
52.11888
109.7276
4330.037
3071.288
2865.883
2733.485
1932.716
2635.127
2127.071
2387.72
1947.772
2043.526
1784.973
2117.62
1744.466
2484.164
2468.72
2742.594
1823.563
1913.16
1508.335
1668.774
1263.18
1537.432
1249.771
1276.791
801.9731
465.204
224.8929
18.69497
119.7111
123.1293
64.71515
76.17891
37.85991
161.4501
28.29116
7.464323
136.271
129.1129
377.8567
125.7371
69.48899
188.2208
70.68534
83.5351
93.4502
5.429549
96.02915
84.14401
6.322813
260.3322
161.8126
109.2862
145.0882
81.35502
102.4969
175.8742
244.6029
206.5535
189.8753
120.2493
324.7941
125.135
165.379
124.5856
136.585
121.729
198.3257
372.5196
168.2069
129.0054
3552.646
3955.632
2823.859
2517.571
2529.781
2036.318
2120.322
1924.608
2002.962
1440.593
2160.024
1851.978
1845.292
2431.031
1921.776
2120.823
2530.425
2140.7
1822.44
1905.838
1759.53
1732.463
1937.313
691.9072
1061.964
1132.507
409.9599
736.2549
290.9371
131.9893
127.2811
1.972071
17.85071
162.6592
141.7232
103.2306
43.8682
55.72545
134.2136
178.4806
48.59613
13.79088
112.6225
17.95109
64.66478
256.2215
67.56421
63.38719
212.9405
317.6404
176.3266
218.8425
95.48124
25.79483
27.32648
10.83556
24.08485
316.6545
73.57214
156.2374
141.7086
46.32141
31.96553
67.17486
144.2911
216.212
221.6023
349.4673
206.8742
207.8607
69.24809
92.83854
223.7562
3813.334
4436.991
4134.212
2820.458
3094.807
2561.616
2634.21
1948.025
2253.054
1855.576
1864.489
1750.385
2296.46
1863.525
1882.094
2308.049
2441.37
2409.446
2382.763
2527.344
1735.153
2214.598
1326.843
1388.418
1333.802
1263.355
917.1877
1164.048
619.043
102.9429
100.4217
9.946166
312.0767
145.8884
185.8917
105.3745
119.3508
98.39553
15.16575
10.8307
4.999813
83.05765
78.39661
126.2449
25.6442
178.6568
168.2826
54.4792
7.599054
74.44031
76.73312
132.9274
87.7244
43.95868
41.04032
56.06035
273.9646
93.10447
102.4372
249.2081
144.617
260.6618
91.32281
80.28194
158.1073
170.7548
49.8311
82.22137
106.8592
145.5447
165.2657
4522.108
3272.526
2364.075
2382.413
2462.014
1485.349
1779.388
2093.837
2313.18
1957.014
2605.992
2204.05
2189.32
2341.547
2189.428
2772.485
1922.099
2247.36
2283.079
1251.181
679.1611
874.5438
525.3386
311.7194
97.1831
97.6306
14.28959
75.5634
75.85251
101.7921
109.569
16.47657
29.71691
89.94006
135.4787
85.72866
18.69069
5.245463
88.21069
6.822241
75.54674
221.016
125.4994
93.59513
104.7255
58.84618
29.70503
107.9189
9.841053
34.48716
78.87157
37.18541
110.6233
152.2519
101.4163
169.8922
155.7065
140.5062
318.8947
202.4588
137.1796
113.9768
301.1557
203.7854
166.2696
65.34458
210.8244
136.4129
206.9171
279.7878
97.54226
131.8701
3848.324
4158.238
3027.476
2676.496
2915.917
2533.645
2988.659
2823.659
2270.189
2441.179
2614.747
2567.504
2925.972
3042.999
3164.56
2756.734
2642.068
2748.69
3230.444
2554.463
2409.578
1797.611
2145.977
1448.178
1013.477
817.1124
610.9573
168.8503
180.7802
7.651933
99.60012
155.2019
12.0962
38.53065
18.39497
63.79745
28.70535
43.58734
86.01884
117.808
23.22353
49.58033
33.16262
38.88815
154.5497
2.277169
70.1711
19.63628
70.21387
14.98624
3.341343
47.82812
43.07545
106.2334
23.46393
57.06713
45.52198
40.30547
184.7713
115.223
35.03066
51.30048
101.4659
151.396
33.60966
173.5404
135.6412
161.1884
157.4747
45.30651
113.25
155.9008
47.41127
118.709
154.861
85.86343
86.55389
4359.279
3252.267
2623.225
3177.957
2767.615
2340.268
2536.825
2234.086
2051.691
2510.508
1888.048
1754.36
2576.814
2444.335
2432.492
2616.929
1862.169
1626.118
1714.013
1505.99
1557.908
879.5883
985.0609
963.8151
527.1113
250.133
73.90691
58.52793
59.11032
55.37235
61.16088
2.246417
236.9355
112.1734
38.95033
100.2868
97.95045
136.9762
18.17879
58.05391
111.5335
178.0477
153.6479
125.1696
251.8187
204.6823
171.125
219.6674
20.64827
25.31221
140.9604
141.2153
92.45039
78.23916
61.49619
99.32648
31.6978
197.4606
291.1729
84.0805
225.1315
286.1654
244.2213
109.372
53.46257
78.17793
335.5732
146.4111
166.9395
273.6694
4250.673
4034.264
3672.767
2941.043
2972.67
3581.684
2526.323
1811.218
2589.798
2981.284
2396.973
2033.845
2286.364
2240.182
2006.805
2167.247
2254.903
2318.374
2621.058
2164.923
1915.782
1923.082
1181.211
1292.708
918.7874
523.8868
634.8892
211.4954
30.10507
209.0092
164.4206
56.12427
58.06356
10.99463
17.68868
287.5518
45.71261
25.71725
53.74372
51.77007
49.73206
97.9929
9.268148
17.37676
86.42333
183.1711
36.27044
58.29845
64.67375
124.7671
50.69995
117.9787
97.56748
150.4941
154.1852
10.80377
23.89334
108.4564
366.5313
84.28007
385.3614
100.9063
230.3766
346.4481
289.062
92.22672
78.86436
148.0698
443.3183
3797.625
3736.423
3877.925
3832.087
3251.661
3863.487
2139.838
2439.22
2686.642
2730.227
2443.157
2201.478
2405.949
2832.827
2170.306
2173.722
1976.933
2108.886
1325.502
1398.857
1393.392
1103.149
1285.609
941.6501
560.6172
326.5337
93.39797
67.76913
278.3417
56.60033
8.030835
47.92526
73.40149
312.6046
6.594402
4.429435
10.53312
77.43899
116.3341
7.820109
26.61459
19.56001
91.7937
109.086
1.600645
64.64037
56.70413
30.86121
180.9677
6.368757
85.34567
2.821052
112.1502
90.9207
31.25893
113.7568
23.75274
242.7335
78.0366
18.97122
10.64183
20.79796
151.1781
151.451
210.8693
219.8025
168.8175
174.9051
151.263
134.8488
177.6309
76.73636
327.234
204.3766
176.3448
243.3056
99.18388
90.79638
3911.357
3399.377
3304.775
2375.914
2125.058
2129.933
2224.952
1843.202
2005.887
2066.119
1693.669
1579.582
1472.501
2265.933
2584.103
2907.736
2173.409
2108.512
1890.039
1480.231
1775.333
1413.372
1142.914
1228.005
897.0558
528.3138
464.1439
269.1066
134.7631
20.43332
26.77695
41.5644
174.2203
119.2579
192.5213
58.47486
231.2574
21.79694
3.387271
72.51357
198.0419
98.56345
116.9042
42.16016
56.0942
49.59426
190.9892
12.94138
54.34954
45.72146
237.7859
15.22375
76.64063
54.95478
49.53485
16.97927
274.9964
208.773
53.25453
68.96189
78.77898
123.9918
104.7022
125.0725
29.77365
107.7785
13.50956
234.901
97.32388
74.39242
160.1296
67.22649
133.2494
115.3413
149.88
154.9575
326.1328
4648.109
3700.933
3565.461
2378.761
2985.768
3005.593
1957.04
2434.214
2416.083
1712.698
1917.508
2165.348
2058.813
1928.114
1996.97
1788.741
2025.6
1656.624
2036.647
1667.171
923.7692
1245.498
1240.293
1123.967
1029.601
777.1251
348.3331
161.0632
17.39209
80.82276
2.294085
113.5599
103.4279
107.2727
58.87691
19.32891
153.0463
103.5269
41.93472
23.79696
259.4057
126.0497
56.96106
5.382619
41.28773
264.2217
238.792
83.33419
37.99686
294.8438
131.3334
144.5438
72.09217
80.59546
67.3517
211.2939
30.07084
86.26685
195.6326
41.27848
56.60404
84.36883
283.1749
249.004
135.4051
108.486
30.03452
76.22768
94.75099
74.39306
288.2319
137.9965
138.5536
7375.291
9748.317
4639.646
4861.504
7584.435
6775.694
5799.674
5169.185
2770.548
3840.511
3287.703
3171.614
3258.757
2907.306
2887.271
2932.561
2810.396
2786.494
1808.824
1592.324
1535.636
1546.833
1012.54
942.3603
848.0535
820.0345
1107.901
1163.359
1368.279
1496.984
1472.815
1445.042
1408.128
1373.293
1356.719
1360.691
1477.482
1255.251
1061.388
1022.862
4517.167
3895.944
4102.362
4127.695
2737.064
2626.371
2369.51
3206.187
2747.546
2902.361
2261.698
2571.27
2766.123
3196.155
2615.393
2347.017
2477.751
2104.92
1558.411
1307.867
1310.331
1562.226
629.1932
300.7543
133.5225
69.93361
64.6813
25.4383
79.91067
15.37251
53.73995
52.10611
7.240368
63.78347
17.53091
122.9121
17.62188
103.7319
142.2275
44.40315
74.6067
108.9321
225.3414
114.3354
120.8787
28.47283
58.047
35.13988
66.00427
69.1246
65.39425
46.37602
44.86878
33.78446
28.5691
28.16419
3593.372
4105.071
2936.432
2948.502
2325.464
2695.456
2315.674
2266.292
2475.938
2131.128
1918.638
1669.936
2391.5
2254.568
1625.667
2034.562
2913.69
2596.074
1551.849
1818.459
1380.855
1206.416
1033.998
730.3203
269.1956
195.5118
88.95595
106.9169
42.68906
63.0981
12.14998
39.99381
235.8284
102.7243
149.7268
36.34401
12.59661
6.273228
18.44109
38.74951
47.03528
86.87007
159.0679
67.25742
251.6135
34.64032
2.806408
153.9976
118.3418
27.01645
119.638
89.25917
44.6773
169.0493
3.844512
25.79847
9.627194
14.36632
21.18149
32.08664
234.4459
32.52952
127.2853
278.7728
157.5107
184.036
66.19903
49.16584
145.5173
290.5719
63.05484
152.2868
391.1628
84.0416
262.885
142.4809
168.1034
75.55534
4440.846
4345.148
2989.2
2625.966
2748.076
1910.917
1678.101
1759.71
1488.951
2037.406
1910.992
1963.083
2254.227
2100.148
2763.372
2427.948
2793.671
2535.067
2670.448
2152.781
1553.531
1359.189
1005.052
875.8117
1146.546
883.429
778.894
253.3481
210.797
28.15653
171.3191
116.951
113.6323
48.84141
44.47326
57.77892
59.58544
160.2179
134.4658
30.56317
49.77791
98.5818
116.9941
283.7886
186.1019
115.9016
111.4583
48.26061
13.74853
16.29802
99.1507
71.31268
62.6771
80.54079
158.5553
173.6239
45.55317
143.6316
134.3754
117.0748
66.41551
232.8297
67.35144
177.4471
51.53259
86.25709
111.5574
195.0997
170.3347
110.084
96.26206
48.13068
123.2545
253.7573
21.69439
4165.628
3382.475
2822.456
3192.779
2709.735
2286.256
2211.005
2298.992
2084.554
1917.019
2172.288
2310.149
1952.581
2208.395
2392.243
1723.234
893.4987
679.0975
1012.946
1050.683
494.5369
537.9069
409.3962
240.3242
224.7992
58.46234
257.2289
116.945
125.131
45.68772
242.1086
39.98182
87.00996
96.60224
76.50883
52.0967
7.93238
58.95712
278.9432
128.2075
131.8889
196.2404
47.56837
190.3303
82.25779
10.80047
80.82525
133.7559
111.066
72.22722
208.9634
328.5464
44.20633
227.358
197.4076
244.328
172.1114
292.634
135.0975
154.6271
115.0607
158.4139
104.332
71.48073
126.7371
45.19269
238.6831
222.3236
4372.02
2287.809
2510.44
2979.068
2892.698
2800.452
3195.636
2332.689
2375.646
2568.135
2654.351
2331.125
2990.667
2703.502
2486.336
3389.767
2410.752
2501.43
2699.941
1973.421
1908.6
1754.389
952.3391
820.9681
307.3459
103.602
155.0185
80.81188
51.86938
21.23858
203.3773
83.61246
37.28633
43.99934
124.5428
136.1585
0.6300256
40.33873
50.43361
8.976357
90.81222
152.4391
74.3866
270.4026
68.53363
6.40241
18.77466
27.01941
111.1548
215.7858
70.11951
114.7912
95.37113
390.6332
77.2114
51.91946
42.44662
115.9874
203.9248
187.9468
173.5774
141.2829
29.57947
159.6342
5.737501
112.8168
77.30087
201.5393
206.4045
99.71094
115.8644
4628.807
4166.842
3279.523
2748.557
2427.594
2603.051
1689.915
2448.102
2081.779
2136.631
1899.105
1897.496
2334.834
2657.845
2190.858
1985.516
1478.998
2387.27
1670.861
1460.201
1113.05
954.4456
1026.176
548.1839
247.9202
104.5831
63.46786
81.73703
98.25995
109.4136
105.4164
54.67997
47.20041
160.5043
12.98157
32.25294
28.88392
174.2318
194.5639
137.2633
97.25414
262.5515
140.265
26.69106
57.47589
108.8735
150.8219
162.2663
63.19538
86.31954
19.87066
68.58273
163.6737
228.6683
123.7784
216.6984
157.1684
197.4797
108.0226
222.193
54.31281
300.141
129.7027
190.2414
135.7675
183.8309
4959.791
3197.341
2840.836
2638.223
2719.972
2420.198
2594.227
2762.993
2302.693
1670.978
2096.082
1691.571
1654.26
2105.856
2339.674
2340.217
2443.278
1849.969
1894.254
2342.584
2353.529
2333.292
1606.609
1575.505
1248.238
779.7693
1063.978
1188.683
395.8129
296.3517
174.5079
209.5436
23.59764
13.07155
151.3708
75.05665
28.4404
11.11281
150.4431
85.37901
26.1624
16.13588
70.75742
49.58035
154.5977
99.36277
31.12366
14.48368
87.16688
136.2798
153.7491
108.2805
3.142087
193.1102
177.2018
195.8702
77.65841
235.5974
117.7307
160.7785
36.5718
18.63154
64.93169
285.1582
208.7495
110.6679
250.7113
92.64748
245.2247
163.8245
147.384
96.9739
94.85369
138.7614
89.1067
6183.888
4225.343
2960.596
2934.008
2830.18
2539.279
2767.373
2344.865
2750.481
3024.578
2210.901
1670.854
1997.692
1812.141
2386.725
2242.855
2724.628
2026.117
2471.012
1706.116
1780.515
1441.633
1434.384
1400.507
1327.191
942.6677
464.7476
263.7283
81.29653
69.01241
60.36841
102.2607
66.02858
130.0841
27.79403
129.8629
362.7239
46.86951
52.09788
90.17058
42.43298
34.47923
34.13228
71.56358
96.08389
194.5124
2.364724
14.25441
68.79961
220.0753
12.45453
466.0016
466.9278
151.6202
62.43835
32.96546
137.3157
71.23101
216.4653
109.815
123.5368
97.16219
136.7402
194.3244
125.5815
118.1147
40.92221
42.28165
166.2021
159.145
185.3802
5529.837
3490.753
3454.537
3083.053
2495.709
2171.479
2219.949
2807.113
2388.384
2483.945
2524.423
1883.767
2142.532
2402.04
1948.793
2322.199
1874.76
2135.667
1868.769
1808.393
1578.94
1525.526
1114.508
730.2328
979.1982
658.3443
509.4067
276.3865
108.7345
58.63746
119.1994
11.7211
95.27776
70.69724
61.54056
62.97026
28.72608
93.5672
44.17852
82.75844
36.31986
15.66686
40.10621
45.85033
98.55001
30.48741
20.26424
130.1702
276.5114
1.914908
4.861365
5.792667
18.83678
4.338025
138.5697
340.6732
147.1242
318.5721
121.4236
33.62271
31.24825
42.66606
71.78917
49.104
85.94568
25.66893
23.62485
212.0349
67.09956
211.0711
211.0923
280.8647
203.5962
60.41868
93.00108
4627.331
3097.85
2585.041
2375.536
2816.403
1980.23
1988.592
2063.639
2278.173
2325.034
1823.784
2188.426
2659.247
3004.379
3005.109
1925.822
1971.658
1431.783
1814.642
1136.256
1237.03
802.9899
544.5226
414.1566
253.6967
151.4439
45.02763
115.3554
47.31718
130.1115
133.9042
120.3702
18.28678
23.90252
39.84597
32.08109
73.40657
127.2044
82.04633
93.44006
14.86156
86.09355
27.49278
34.86961
31.50862
267.9763
95.92178
125.7248
148.5973
15.14819
179.9117
138.7259
128.7703
54.25946
163.256
170.5565
187.9708
118.0352
198.2146
117.2128
139.3341
324.0804
324.1949
83.69463
70.74547
288.7583
179.9003
4456.731
2999.615
2040.663
2862.752
2731.134
2904.518
2071.485
1720.139
1785.69
1954.855
2028.756
2291.965
2394.521
2853.418
2173.576
1734.011
1576.379
1679.05
1286.24
948.5275
702.6799
800.3268
500.0634
100.9277
91.30981
136.7782
74.36167
42.31279
156.9794
126.2516
126.107
65.85915
84.11555
10.17063
3.551646
19.29001
103.5808
46.34708
306.1166
103.6426
250.2229
209.0162
73.04889
17.41634
95.10164
163.381
332.4517
54.13221
36.38565
40.68782
35.2587
32.61341
175.7124
197.0603
90.8229
24.7398
106.9365
113.9814
139.7807
255.2026
204.2627
227.2331
261.3837
318.041
222.1701
299.4397
151.6912
199.5479
471.6233
167.6026
146.2812
5702.079
3993.475
3686.437
3101.102
1895.288
2450.492
2448.662
2332.356
2503.126
3106.834
2614.998
2154.944
2798.603
3084.5
2720.677
3117.396
2438.755
2230.08
2374.359
2304.785
2139.834
1602.203
1354.514
452.7668
384.5999
578.8735
351.3426
22.82012
100.1966
9.981717
13.61675
86.77007
28.29551
19.12119
72.91155
33.13034
59.0039
69.22882
50.57202
89.04285
4.204982
24.25911
93.6833
20.15133
250.6331
53.94436
82.22782
58.44569
28.17341
206.1023
49.80241
343.8326
381.6291
55.77166
134.8414
9.77904
85.53101
125.1735
201.1675
196.576
245.5276
94.1851
264.2096
235.0491
191.8305
346.0995
238.9653
161.1305
131.4228
133.994
4263.952
4725.817
4069.348
3996.737
3923.244
3756.666
2461.744
3107.551
2321.727
2572.98
2799.494
1981.553
2154.061
2078.04
2071.863
2484.861
2552.228
2497.383
2852.635
1941.928
2013.355
1798.351
1821.947
1413.32
1456.316
1241.447
1284.874
793.3165
443.8206
228.3184
65.88787
12.01637
8.947278
100.9498
32.73056
55.84419
11.741
35.69675
49.08905
67.78371
52.62855
18.4687
10.83944
35.00325
111.4745
4.840034
5.030941
73.55992
82.68259
71.22119
99.86126
10.33001
167.7585
123.8407
111.3882
141.9855
116.4287
52.90043
24.89
20.68447
48.55503
141.9202
82.79647
202.1916
165.9256
152.5263
206.2053
121.2095
163.2219
115.0986
324.654
106.9081
234.3403
111.1794
4054.983
3441.518
3870.696
3790.257
2908.241
2902.985
2101.166
2134.708
2486.107
2761.125
2171.804
2725.444
2768.152
3138.282
2901.5
4624.871
3316.229
1853.76
2736.164
1965.063
1801.724
1195.435
934.1229
736.3375
728.3294
213.1687
10.81223
38.25753
81.36734
103.656
57.6592
118.1147
172.9781
294.7794
23.83878
16.92606
17.75128
20.95139
7.853928
74.468
30.22817
143.9163
57.22122
263.9458
52.36564
17.8691
90.38063
71.98891
35.9568
169.8242
191.9772
14.0039
49.75401
74.86775
65.12801
28.20113
105.5297
72.57751
16.23897
9.396776
111.1423
117.6193
24.81321
158.6945
121.6128
88.51492
116.8306
251.9263
35.27655
4.445418
202.4303
176.098
116.8687
140.7144
4425.678
3592.584
3831.239
3009.21
4542.505
2336.743
2442.183
2759.88
1933.986
1799.09
2875.917
2693.131
2979.942
2461.53
3488.945
3145.319
3412.799
2908.371
3263.773
2069.468
1949.72
1680.467
1516.377
1241.041
64.66098
284.6515
103.7785
46.36242
20.81542
126.528
29.85657
153.0602
104.7964
93.18145
22.1221
10.94564
28.54512
61.71104
74.03583
22.64782
119.3753
52.7868
91.67791
271.4026
94.20792
192.1114
198.3893
2.292988
202.7474
123.257
137.2459
10.05315
228.3192
28.24048
109.0105
56.83112
179.1636
891.6526
74.54231
67.36842
364.5974
157.3593
94.86659
66.77814
44.01756
16.19571
136.2678
94.62037
121.5005
187.7955
87.19188
4386.111
3818.088
3718.602
3487.235
3500.927
3531.465
3825.606
2866.146
3364.267
2616.223
1947.117
3516.146
2482.305
3023.916
2982.057
2439.653
2557.848
2469.241
2778.076
2058.445
1749.632
1707.316
905.8495
801.7488
286.9143
406.8567
216.8275
19.86465
68.35748
18.5535
51.82127
115.252
39.77174
41.67451
37.19657
7.05569
162.1911
63.47709
43.04265
40.5948
33.81284
4.216111
34.96687
24.11766
175.0623
240.2915
50.96495
94.20109
18.97989
17.24814
56.50161
51.66574
29.64799
124.0807
136.5508
118.9753
56.50067
90.52797
232.9227
15.34775
23.84557
106.4802
183.7337
154.8515
59.13454
308.4039
114.0391
175.0008
222.4425
32.26206
49.72372
158.0184
299.3294
140.6346
168.2108
364.1713
156.7147
4774.576
4026.838
4011.392
3302.075
3016.359
2666.431
2064.992
2377.225
2090.42
3391.293
3129.731
3352.166
3183.679
3430.758
2958.507
3726.427
2915.807
2721.832
2842.156
2422.329
1883.815
1687.755
819.6411
761.8935
464.1856
176.3628
34.45864
27.05791
44.40929
127.8753
61.72067
95.30631
72.93588
75.58802
163.1942
39.46072
23.16616
78.61137
133.5983
80.69714
20.07239
199.8424
66.55637
12.6349
13.10093
125.5765
113.0649
2.47906
5.809427
25.19748
21.86599
14.81266
16.87119
155.817
162.2142
323.6155
31.96201
3.135364
21.27166
72.449
10.45428
192.2247
188.8768
155.1022
108.7432
157.202
216.3008
17.51618
35.83232
23.97125
55.43875
62.17485
137.2221
111.6367
146.2913
253.0567
4408.2
3865.778
2878.806
2843.837
2979.788
2441.813
2554.992
2384.781
2302.318
3135.385
2605.417
3277.632
3383.895
2922.541
3001.098
2884.057
2547.876
1917.759
1443.13
1560.332
1436.781
945.6827
340.9285
206.0399
112.4769
13.36499
15.13862
5.683403
172.5144
121.9829
71.59333
27.27939
165.9398
77.79211
113.9377
22.91242
95.18008
180.7434
15.69521
37.13725
127.8418
204.1134
20.4472
39.46879
20.65415
6.488719
49.90579
105.9496
76.5112
295.6813
3.981625
23.57416
79.34605
110.2976
144.1453
72.98656
201.5219
30.25764
19.34904
23.54526
14.54493
35.43504
70.64028
32.75523
113.5306
310.7507
42.62148
4669.336
4125.276
3394.107
2974.856
3050.045
2652.87
2938.189
1862.547
2127.354
2864.302
2121.634
2548.82
2551.775
1878.537
2892.167
2376.182
1938.802
1282.254
1373.99
989.6788
923.2369
957.3767
430.5297
305.7015
234.7688
248.2115
25.86503
0.7479029
23.22548
209.2836
26.73469
65.10326
116.0836
147.0392
26.38136
12.45256
16.26037
84.64838
106.2565
200.8845
58.53478
175.3201
34.37994
92.44639
40.87903
18.09636
144.903
122.3455
101.0587
32.69494
166.9639
173.358
237.9345
216.0634
58.22746
49.30573
142.9108
341.6883
206.459
151.5301
47.58269
276.2575
334.2031
23.97515
270.7814
197.6922
151.483
3040.508
3881.665
4596.658
3525.542
3386.833
2535.431
2554.618
2131.715
1831.944
1951.736
2055.112
2221.319
1588.256
1815.723
1994.042
2408.743
2066.891
2393.405
1636.577
1498.602
2058.714
1509.823
1375.648
1335.106
870.562
783.0317
540.6331
384.9368
291.8177
47.50059
12.67228
208.5528
118.7978
131.1775
129.9642
150.0377
3.340749
26.12249
60.89081
144.1232
100.5089
11.97842
73.63082
139.2958
122.0574
31.54007
60.7168
183.9375
64.89884
22.7402
21.08249
45.4781
111.7217
160.4574
91.06202
36.12801
41.74973
57.9544
171.0969
85.69556
111.6469
235.479
52.49761
202.0215
143.281
95.8913
119.7563
86.90005
84.19379
186.9028
63.71459
512.4729
254.5342
110.6363
123.8893
4545.695
3966.945
3526.323
3095.024
2124.244
1987.2
1372.159
1538.641
1914.115
2220.946
1785.399
2111.045
1883.629
1909.833
1908.692
2106.165
2154.718
2086.412
1633.116
1366.994
917.7425
975.4161
979.7797
969.9175
1078.966
478.9286
504.8488
385.0781
11.22411
6.458573
173.3438
109.5574
51.32051
154.932
119.5999
48.90924
264.5254
78.46705
227.4409
24.68306
100.9325
300.2537
153.7377
148.4254
200.2617
224.5053
323.3673
12.52207
39.2871
3.416811
4.536613
166.1824
155.0942
121.675
10.92591
92.72662
109.3329
111.9944
59.0676
127.9396
203.9899
71.70219
141.5488
123.2612
192.6348
188.4058
331.431
215.5298
143.3562
255.1111
67.89806
143.8339
4290.448
3854.453
2776.903
3235.281
2264.384
2632.344
2095.966
2357.097
2287.376
1840.713
1747.53
2324.123
1684.313
1689.267
2318.684
2531.1
2079.308
2227.433
2332.352
2208.452
2053.565
1425.037
1296.291
1199.702
1201.055
1329.321
880.7285
979.4146
227.6258
136.5714
235.6142
96.02429
12.54641
26.56388
100.0648
95.80563
11.58664
5.124944
9.910369
154.0214
20.45423
9.802231
34.48612
19.32483
65.76983
139.4483
68.88342
258.8575
74.87265
147.8567
157.0559
143.3278
7.677224
138.2544
135.6344
99.37582
73.60793
122.7144
100.9445
126.3411
46.91332
15.8787
53.27368
102.7629
141.9539
182.8681
239.6466
171.3847
133.2636
109.7815
97.30569
32.15673
130.4128
46.12609
149.8248
95.90945
